100
89000 4
89001 5
89002 3
89003 4
89004 5
89005 2
89006 3
89007 4
89008 5
89009 1
89010 2
89011 3
89012 4
89013 5
89014 0
89015 1
89016 2
89017 3
89018 4
89019 5
89020 5
89021 6
89022 4
89023 5
89024 6
89025 3
89026 4
89027 5
89028 6
89029 2
89030 3
89031 4
89032 5
89033 6
89034 1
89035 2
89036 3
89037 4
89038 5
89039 6
89040 6
89041 7
89042 5
89043 6
89044 7
89045 4
89046 5
89047 6
89048 7
89049 3
89050 4
89051 5
89052 6
89053 7
89054 2
89055 3
89056 4
89057 5
89058 6
89059 7
89060 7
89061 8
89062 6
89063 7
89064 8
89065 5
89066 6
89067 7
89068 8
89069 4
89070 5
89071 6
89072 7
89073 8
89074 3
89075 4
89076 5
89077 6
89078 7
89079 8
89080 8
89081 9
89082 7
89083 8
89084 9
89085 6
89086 7
89087 8
89088 9
89089 5
89090 6
89091 7
89092 8
89093 9
89094 4
89095 5
89096 6
89097 7
89098 8
89099 9
89100 9

